date	lat	lon	vo	pres	idx
2020040100	-30.00	-42.75	-1.27	1016.0	20200401001
2020040106	-28.25	-44.25	-1.14	1015.0	20200401001
2020040112	-27.75	-43.50	-1.36	1018.0	20200401001
2020040118	-27.50	-44.25	-1.28	1016.0	20200401001
2020040200	-27.75	-45.00	-1.15	1017.0	20200401001
2020040206	-31.25	-49.00	-1.09	1013.0	20200401001
2020050200	-27.25	-71.25	-1.54	1015.0	20200502002
2020050206	-30.50	-71.75	-1.71	1017.0	20200502002
2020050212	-29.50	-71.50	-1.70	1018.0	20200502002
2020050218	-28.25	-70.25	-1.55	1013.0	20200502002
2020050300	-28.00	-69.50	-2.12	1014.0	20200502002
2020050306	-29.50	-70.00	-2.05	1014.0	20200502002
2020050312	-30.25	-70.25	-1.79	1016.0	20200502002
2020052106	-25.50	-73.00	-1.62	1017.0	20200521063
2020052112	-26.00	-73.00	-1.67	1018.0	20200521063
2020052118	-25.25	-71.75	-1.64	1016.0	20200521063
2020052200	-25.25	-71.50	-1.45	1019.0	20200521063
2020052206	-25.50	-72.50	-1.55	1020.0	20200521063
2020060606	-25.50	-72.00	-1.55	1017.0	20200606064
2020060612	-25.00	-72.75	-1.26	1018.0	20200606064
2020060618	-26.50	-71.50	-1.36	1016.0	20200606064
2020060700	-27.50	-71.50	-1.63	1018.0	20200606064
2020060706	-27.00	-73.00	-1.60	1019.0	20200606064
2020062500	-25.25	-71.50	-1.48	1017.0	20200625005
2020062506	-25.50	-72.25	-1.68	1018.0	20200625005
2020062512	-26.25	-73.00	-1.85	1018.0	20200625005
2020062518	-27.25	-72.75	-1.95	1016.0	20200625005
2020062600	-26.75	-71.00	-1.93	1016.0	20200625005
2020062606	-28.75	-70.25	-2.08	1017.0	20200625005
2020062612	-25.50	-72.75	-1.76	1019.0	20200625005
2020062618	-28.75	-70.00	-1.34	1017.0	20200625005
2020062700	-28.25	-69.25	-1.47	1018.0	20200625005
2020062706	-24.75	-71.50	-1.44	1017.0	20200625005
2020062712	-25.00	-72.75	-1.35	1016.0	20200625005
2020062706	-24.50	-72.25	-1.46	1017.0	20200627066
2020062712	-25.00	-72.75	-1.35	1016.0	20200627066
2020062718	-25.75	-71.75	-1.21	1013.0	20200627066
2020062800	-25.25	-70.25	-1.18	1015.0	20200627066
2020062806	-23.75	-71.75	-1.20	1015.0	20200627066
2020063018	-25.50	-71.75	-1.04	1017.0	20200630187
2020070100	-24.25	-71.50	-1.32	1017.0	20200630187
2020070106	-24.75	-71.75	-1.63	1016.0	20200630187
2020070112	-26.00	-71.50	-1.96	1017.0	20200630187
2020070118	-27.00	-70.25	-1.83	1014.0	20200630187
2020070200	-26.00	-70.00	-1.93	1016.0	20200630187
2020070206	-19.75	-74.50	-1.74	1016.0	20200630187
2020070800	-22.50	-71.50	-1.10	1020.0	20200708008
2020070806	-22.25	-71.75	-1.51	1020.0	20200708008
2020070812	-22.25	-71.50	-1.42	1020.0	20200708008
2020070818	-27.00	-70.00	-1.29	1018.0	20200708008
2020070900	-27.50	-69.75	-1.61	1020.0	20200708008
2020070906	-25.75	-71.50	-1.70	1019.0	20200708008
2020070912	-26.50	-71.25	-1.73	1019.0	20200708008
2020070918	-27.75	-70.00	-2.14	1015.0	20200708008
2020071000	-28.75	-69.00	-2.64	1014.0	20200708008
2020071006	-29.00	-68.25	-2.60	1013.0	20200708008
2020071012	-28.50	-67.25	-2.37	1012.0	20200708008
2020071018	-27.25	-69.50	-1.63	1012.0	20200708008
2020071100	-21.00	-74.50	-1.75	1016.0	20200708008
2020072206	-26.00	-71.75	-1.27	1018.0	20200722069
2020072212	-25.75	-71.75	-1.36	1019.0	20200722069
2020072218	-26.00	-71.25	-1.39	1016.0	20200722069
2020072300	-25.00	-71.00	-1.29	1018.0	20200722069
2020072306	-24.75	-71.25	-1.30	1020.0	20200722069
2020072312	-22.50	-70.75	-1.44	1019.0	20200722069
2020072306	-24.75	-71.25	-1.30	1020.0	202007230610
2020072312	-22.50	-70.75	-1.44	1019.0	202007230610
2020072318	-25.25	-71.00	-1.56	1017.0	202007230610
2020072400	-25.50	-71.00	-1.55	1020.0	202007230610
2020072406	-26.00	-71.75	-1.96	1022.0	202007230610
2020072412	-25.25	-71.50	-1.72	1024.0	202007230610
2020072418	-24.50	-70.00	-1.49	1018.0	202007230610
2020072500	-24.25	-70.00	-1.37	1020.0	202007230610
2020072506	-23.25	-70.75	-1.84	1018.0	202007230610
2020072512	-25.25	-71.00	-1.84	1019.0	202007230610
2020072518	-28.25	-70.25	-1.98	1016.0	202007230610
2020072812	-29.75	-73.00	-1.76	1022.0	202007281211
2020072818	-30.00	-72.00	-1.94	1019.0	202007281211
2020072900	-27.25	-70.25	-1.89	1018.0	202007281211
2020072906	-28.50	-70.75	-1.88	1019.0	202007281211
2020072912	-29.00	-71.25	-1.68	1019.0	202007281211
2020072918	-29.00	-70.00	-1.48	1016.0	202007281211
2020073000	-27.75	-69.00	-1.72	1017.0	202007281211
2020073006	-28.50	-69.00	-1.66	1019.0	202007281211
2020082606	-24.25	-71.00	-1.12	1017.0	202008260612
2020082612	-24.00	-71.00	-1.14	1018.0	202008260612
2020082618	-24.75	-71.00	-1.38	1015.0	202008260612
2020082700	-25.50	-71.00	-1.50	1017.0	202008260612
2020082706	-26.50	-72.00	-1.75	1019.0	202008260612
2020082712	-26.50	-72.00	-1.58	1020.0	202008260612
2020082718	-26.25	-71.50	-1.41	1018.0	202008260612
2020082800	-27.50	-70.75	-1.29	1020.0	202008260612
2020082806	-25.50	-71.75	-1.54	1020.0	202008260612
2020082812	-26.00	-72.00	-1.24	1021.0	202008260612
2020082818	-24.75	-70.75	-1.23	1016.0	202008260612
2020082900	-24.75	-70.75	-1.33	1018.0	202008260612
2020082906	-25.25	-71.75	-1.36	1020.0	202008260612
2020090212	-25.50	-72.50	-1.84	1022.0	202009021213
2020090218	-25.50	-70.75	-1.68	1015.0	202009021213
2020090300	-27.00	-71.50	-2.02	1018.0	202009021213
2020090306	-27.50	-72.00	-2.15	1018.0	202009021213
2020090312	-27.25	-72.25	-1.97	1019.0	202009021213
2020090306	-27.50	-72.00	-2.15	1018.0	202009030614
2020090312	-27.25	-72.25	-1.97	1019.0	202009030614
2020090318	-28.00	-70.50	-1.44	1014.0	202009030614
2020090400	-27.50	-69.75	-1.80	1014.0	202009030614
2020090406	-27.75	-70.50	-1.94	1015.0	202009030614
2020090412	-25.50	-71.25	-1.31	1016.0	202009030614
2020090418	-27.00	-69.25	-1.15	1011.0	202009030614
2020090500	-27.75	-68.75	-1.29	1015.0	202009030614
2020090506	-27.00	-70.00	-1.25	1016.0	202009030614
2020090612	-25.25	-42.50	-1.22	1019.0	202009061215
2020090618	-25.00	-40.00	-1.68	1017.0	202009061215
2020090700	-24.75	-42.25	-1.27	1017.0	202009061215
2020090706	-25.25	-42.75	-1.39	1016.0	202009061215
2020090712	-24.50	-40.00	-1.65	1018.0	202009061215
2020090700	-27.50	-71.50	-1.60	1018.0	202009070016
2020090706	-26.75	-71.50	-1.49	1018.0	202009070016
2020090712	-27.25	-71.75	-1.35	1018.0	202009070016
2020090718	-26.25	-70.25	-1.51	1011.0	202009070016
2020090800	-27.50	-70.00	-1.65	1014.0	202009070016
2020090806	-28.00	-70.50	-1.46	1015.0	202009070016
2020090812	-30.00	-70.00	-1.46	1016.0	202009070016
2020090718	-25.00	-41.75	-1.44	1016.0	202009071817
2020090800	-25.50	-47.50	-1.80	1016.0	202009071817
2020090806	-25.00	-45.00	-2.06	1015.0	202009071817
2020090812	-25.25	-43.25	-2.42	1018.0	202009071817
2020090818	-24.50	-40.00	-2.33	1016.0	202009071817
2020090812	-25.25	-43.25	-2.42	1018.0	202009081218
2020090818	-24.50	-40.00	-2.33	1016.0	202009081218
2020090900	-24.25	-43.25	-1.84	1019.0	202009081218
2020090906	-24.50	-43.75	-1.33	1018.0	202009081218
2020090912	-25.50	-44.50	-1.04	1021.0	202009081218
2020090918	-29.50	-50.50	-1.41	1018.0	202009081218
2020091000	-30.75	-52.00	-2.02	1017.0	202009081218
2020091700	-26.00	-71.00	-1.70	1018.0	202009170019
2020091706	-27.50	-72.75	-1.81	1019.0	202009170019
2020091712	-27.75	-73.00	-1.77	1018.0	202009170019
2020091718	-27.75	-71.75	-1.86	1014.0	202009170019
2020091800	-27.00	-70.00	-2.28	1012.0	202009170019
2020091806	-31.50	-68.50	-2.26	1012.0	202009170019
2020092618	-27.25	-73.00	-1.80	1018.0	202009261820
2020092700	-27.25	-73.00	-1.91	1019.0	202009261820
2020092706	-27.50	-74.50	-2.21	1018.0	202009261820
2020092712	-26.75	-73.00	-2.14	1019.0	202009261820
2020092718	-26.00	-72.00	-1.61	1014.0	202009261820
2020092800	-25.50	-71.50	-1.59	1014.0	202009261820
2020092806	-27.25	-73.00	-2.32	1013.0	202009261820
2020100906	-27.75	-71.50	-2.52	1016.0	202010090621
2020100912	-27.75	-72.75	-2.22	1017.0	202010090621
2020100918	-29.00	-73.00	-2.37	1015.0	202010090621
2020101000	-27.50	-71.00	-2.42	1013.0	202010090621
2020101006	-29.25	-73.00	-2.78	1015.0	202010090621
2020111012	-25.50	-46.25	-1.73	1016.0	202011101222
2020111018	-25.25	-44.50	-1.97	1014.0	202011101222
2020111100	-24.75	-45.75	-2.34	1014.0	202011101222
2020111106	-25.50	-45.75	-2.11	1013.0	202011101222
2020111112	-25.50	-42.50	-2.20	1015.0	202011101222
2020112212	-31.50	-73.00	-1.78	1015.0	202011221223
2020112218	-28.50	-70.00	-1.77	1008.0	202011221223
2020112300	-28.00	-69.25	-2.31	1009.0	202011221223
2020112306	-30.50	-68.50	-2.49	1008.0	202011221223
2020112312	-29.50	-67.75	-1.86	1010.0	202011221223
2020112318	-27.25	-68.00	-1.88	1004.0	202011221223
2020112400	-27.25	-68.25	-2.55	1006.0	202011221223
2020112406	-31.50	-64.75	-3.37	1005.0	202011221223
2020120812	-30.25	-51.00	-1.30	1017.0	202012081224
2020120818	-29.00	-51.25	-1.43	1013.0	202012081224
2020120900	-27.50	-51.75	-1.66	1013.0	202012081224
2020120906	-25.00	-53.25	-1.03	1011.0	202012081224
2020120912	-19.50	-58.50	-1.37	1013.0	202012081224
