date	lat	lon	vo	pres	idx
2021011000	-22.50	-43.00	-1.23	1013.0	20210110001
2021011006	-22.50	-44.00	-1.12	1012.0	20210110001
2021011012	-22.50	-43.00	-1.02	1014.0	20210110001
2021011018	-23.25	-44.25	-1.26	1012.0	20210110001
2021011100	-22.75	-45.25	-1.39	1014.0	20210110001
2021011106	-23.00	-44.50	-1.33	1012.0	20210110001
2021011112	-23.25	-44.50	-1.15	1015.0	20210110001
2021011118	-23.75	-44.25	-1.11	1012.0	20210110001
2021011200	-23.50	-45.00	-1.14	1013.0	20210110001
2021011206	-23.00	-44.50	-1.05	1013.0	20210110001
2021011212	-23.50	-44.50	-1.05	1014.0	20210110001
2021011218	-30.00	-47.75	-1.62	1013.0	20210110001
2021011318	-24.25	-45.00	-1.05	1013.0	20210113182
2021011400	-23.75	-45.25	-1.54	1014.0	20210113182
2021011406	-24.25	-45.25	-1.38	1014.0	20210113182
2021011412	-25.25	-45.25	-1.32	1016.0	20210113182
2021011418	-25.25	-45.00	-1.35	1015.0	20210113182
2021011500	-24.25	-45.25	-1.32	1016.0	20210113182
2021011506	-23.75	-45.00	-1.10	1014.0	20210113182
2021011906	-25.00	-43.25	-1.52	1013.0	20210119063
2021011912	-25.00	-43.00	-1.43	1016.0	20210119063
2021011918	-25.25	-42.50	-1.33	1015.0	20210119063
2021012000	-23.75	-44.75	-1.30	1015.0	20210119063
2021012006	-24.00	-44.75	-1.21	1015.0	20210119063
2021012012	-25.00	-44.75	-1.14	1017.0	20210119063
2021012018	-25.50	-45.00	-1.07	1015.0	20210119063
2021012100	-23.75	-45.25	-1.13	1016.0	20210119063
2021012106	-23.50	-45.25	-1.10	1015.0	20210119063
2021012900	-27.25	-71.50	-1.60	1012.0	20210129004
2021012906	-26.75	-67.00	-1.65	1009.0	20210129004
2021012912	-22.50	-64.00	-1.98	1009.0	20210129004
2021012918	-16.50	-64.00	-2.32	1007.0	20210129004
2021013000	-20.50	-62.75	-2.45	1005.0	20210129004
2021013006	-21.75	-63.00	-2.86	1007.0	20210129004
2021013012	-19.50	-63.50	-2.59	1010.0	20210129004
2021013018	-20.75	-63.25	-1.97	1005.0	20210129004
2021013100	-19.50	-63.25	-2.29	1006.0	20210129004
2021022700	-24.25	-43.75	-1.46	1016.0	20210227005
2021022706	-24.50	-44.25	-1.51	1015.0	20210227005
2021022712	-25.00	-44.50	-1.64	1017.0	20210227005
2021022718	-26.25	-44.25	-1.74	1017.0	20210227005
2021022800	-25.25	-45.00	-1.63	1017.0	20210227005
2021022806	-25.25	-46.50	-1.54	1015.0	20210227005
2021022812	-25.75	-47.25	-1.42	1017.0	20210227005
2021022818	-27.00	-49.00	-1.41	1015.0	20210227005
2021030100	-29.25	-52.75	-1.65	1012.0	20210227005
2021030900	-28.25	-47.00	-1.50	1012.0	20210309006
2021030906	-28.50	-46.00	-1.99	1010.0	20210309006
2021030912	-29.25	-44.75	-2.83	1011.0	20210309006
2021030918	-30.50	-44.25	-3.87	1010.0	20210309006
2021031000	-31.50	-44.50	-4.36	1010.0	20210309006
2021031700	-23.50	-44.75	-1.10	1012.0	20210317007
2021031706	-27.00	-47.50	-1.18	1011.0	20210317007
2021031712	-26.25	-44.75	-1.02	1013.0	20210317007
2021031718	-26.50	-44.25	-1.15	1011.0	20210317007
2021031800	-26.00	-43.50	-1.19	1014.0	20210317007
2021031806	-25.75	-43.50	-1.31	1014.0	20210317007
2021031812	-25.25	-43.50	-1.13	1016.0	20210317007
2021032406	-29.00	-71.50	-1.71	1016.0	20210324068
2021032412	-28.00	-73.00	-1.64	1018.0	20210324068
2021032418	-26.50	-71.75	-1.79	1016.0	20210324068
2021032500	-26.00	-71.75	-1.82	1016.0	20210324068
2021032506	-26.50	-72.75	-1.75	1017.0	20210324068
2021032500	-26.00	-71.75	-1.82	1016.0	20210325009
2021032506	-26.50	-72.75	-1.75	1017.0	20210325009
2021032512	-26.75	-73.00	-1.82	1017.0	20210325009
2021032518	-26.75	-73.00	-1.94	1015.0	20210325009
2021032600	-25.75	-72.75	-1.85	1015.0	20210325009
2021040818	-26.25	-71.50	-1.56	1015.0	202104081810
2021040900	-26.00	-71.25	-1.63	1016.0	202104081810
2021040906	-27.25	-72.25	-1.60	1017.0	202104081810
2021040912	-27.25	-72.00	-1.76	1018.0	202104081810
2021040918	-26.25	-72.00	-1.98	1016.0	202104081810
2021041000	-27.25	-73.00	-2.01	1017.0	202104081810
2021053018	-27.25	-72.00	-1.93	1019.0	202105301811
2021053100	-28.50	-70.00	-2.16	1018.0	202105301811
2021053106	-28.50	-69.25	-2.16	1017.0	202105301811
2021053112	-28.50	-69.25	-2.01	1017.0	202105301811
2021053118	-26.75	-70.50	-2.07	1016.0	202105301811
2021060700	-24.00	-44.00	-1.14	1019.0	202106070012
2021060706	-24.00	-43.75	-1.51	1018.0	202106070012
2021060712	-24.25	-43.75	-1.60	1020.0	202106070012
2021060718	-24.75	-43.75	-1.51	1017.0	202106070012
2021060800	-24.50	-44.50	-1.44	1019.0	202106070012
2021060806	-24.50	-45.00	-1.35	1019.0	202106070012
2021060812	-24.50	-45.00	-1.37	1021.0	202106070012
2021060818	-28.00	-49.00	-1.33	1019.0	202106070012
2021062506	-27.50	-71.50	-1.54	1020.0	202106250613
2021062512	-27.50	-73.00	-1.45	1022.0	202106250613
2021062518	-26.50	-72.00	-1.89	1020.0	202106250613
2021062600	-25.50	-72.00	-1.93	1020.0	202106250613
2021062606	-30.00	-73.00	-1.87	1024.0	202106250613
2021082218	-29.00	-40.00	-1.28	1013.0	202108221814
2021082300	-27.25	-44.50	-1.17	1013.0	202108221814
2021082306	-28.25	-46.00	-1.13	1013.0	202108221814
2021082312	-29.25	-52.00	-2.28	1011.0	202108221814
2021082318	-30.50	-53.25	-2.98	1008.0	202108221814
2021082400	-28.50	-56.00	-2.87	1008.0	202108221814
2021082406	-24.75	-57.75	-2.99	1007.0	202108221814
2021082412	-24.00	-57.50	-2.53	1008.0	202108221814
2021082418	-25.50	-56.25	-2.29	1007.0	202108221814
2021082500	-30.00	-50.75	-3.84	1008.0	202108221814
2021091518	-28.50	-72.50	-1.94	1019.0	202109151815
2021091600	-30.50	-70.50	-1.82	1019.0	202109151815
2021091606	-31.50	-70.25	-1.81	1019.0	202109151815
2021091612	-31.50	-70.00	-1.61	1019.0	202109151815
2021091618	-27.25	-71.75	-1.48	1018.0	202109151815
2021091700	-30.00	-70.75	-1.71	1018.0	202109151815
2021091706	-30.50	-70.25	-1.58	1017.0	202109151815
2021091806	-28.25	-72.75	-1.73	1017.0	202109180616
2021091812	-28.50	-72.50	-1.66	1019.0	202109180616
2021091818	-26.00	-71.00	-1.92	1016.0	202109180616
2021091900	-25.25	-71.50	-1.62	1018.0	202109180616
2021091906	-27.50	-73.00	-1.78	1019.0	202109180616
2021092418	-23.50	-44.25	-1.46	1017.0	202109241817
2021092500	-23.50	-45.00	-1.65	1019.0	202109241817
2021092506	-23.50	-44.00	-1.52	1018.0	202109241817
2021092512	-23.00	-40.00	-1.64	1021.0	202109241817
2021092518	-23.50	-41.75	-1.56	1018.0	202109241817
2021092600	-23.50	-43.25	-1.35	1020.0	202109241817
2021092606	-22.25	-41.50	-1.18	1019.0	202109241817
2021093000	-27.50	-72.00	-1.52	1019.0	202109300018
2021093006	-28.50	-72.50	-1.62	1019.0	202109300018
2021093012	-27.50	-73.00	-1.59	1019.0	202109300018
2021093018	-27.25	-71.75	-1.99	1016.0	202109300018
2021100100	-27.25	-71.25	-2.01	1017.0	202109300018
2021100106	-30.25	-70.25	-2.45	1015.0	202109300018
2021101218	-25.00	-71.50	-1.50	1015.0	202110121819
2021101300	-25.00	-71.75	-1.74	1016.0	202110121819
2021101306	-29.75	-71.25	-2.10	1014.0	202110121819
2021101312	-30.00	-70.25	-2.25	1014.0	202110121819
2021101318	-27.00	-70.25	-2.44	1013.0	202110121819
2021101400	-26.00	-71.25	-2.12	1017.0	202110121819
2021101406	-27.00	-72.25	-1.98	1019.0	202110121819
2021121400	-24.25	-44.50	-1.67	1012.0	202112140020
2021121406	-25.50	-46.50	-1.55	1010.0	202112140020
2021121412	-25.75	-45.50	-1.57	1012.0	202112140020
2021121418	-27.75	-46.25	-2.28	1010.0	202112140020
2021121500	-26.50	-44.75	-2.28	1011.0	202112140020
2021121506	-27.75	-45.25	-2.56	1009.0	202112140020
2021121512	-28.75	-44.00	-2.91	1010.0	202112140020
2021121518	-28.75	-40.00	-4.42	1009.0	202112140020
2021121600	-28.75	-40.00	-5.09	1010.0	202112140020
